12
  9 106  59  61  19  76 110 128 137  36  30  87
 22  83  69  38  32  89 120 138  11 100  49   7
 35  93  46  48   6  99 133 115 124  20  77  62
 39  24  90 112 121 139  21  82  71  53   2  104
 52   1 103 124 134 116  34  95  45  78  63  12
 65  14  80 135 108 126  11 105  58  25  91  40
114 123 132  33  94  47  56   5  98  67  16  73
127 136 109  10 107  57  66  15  72  86  44  29
140 113 122  23  81  70  43  28  85   8  96  54
 84  68   4  79  51  26 101  37  18 117 142 131
 97  42  17  92  64   0  75  50  31 130 119 141
 74  55  27 102  41  13  88  60   3 143 129 118